00000100000111000000000000000001
00011100000111000000000000000000
00000100000110100000000010010011
01000011010000000000000000000000
00011000000111000000000000000000
00000100000111110000000000000001
00000011100111111101100000001100
00001011011000000000000001001011
00000100000111000000000000000010
00011100000111000000000000000000
01001000000111000000000000000000
00011100000111000000000000111111
00011100000000010000000000000001
00011100000000100000000000000010
00011100000000110000000000000011
00011100000001000000000000000100
00011100000001010000000000000101
00011100000001100000000000000110
00011100000001110000000000000111
00011100000010000000000000001000
00011100000010010000000000001001
00011100000010100000000000001010
00011100000010110000000000001011
00011100000011000000000000001100
00011100000011010000000000001101
00011100000011100000000000001110
00011100000011110000000000001111
00011100000100000000000000010000
00011100000100010000000000010001
00011100000100100000000000010010
00011100000100110000000000010011
00011100000101000000000000010100
00011100000101010000000000010101
00011100000101100000000000010110
00011100000101110000000000010111
00011100000110000000000000011000
00011100000110010000000000011001
00011100000110100000000000011010
00011100000110110000000000011011
00011100000111000000000000011100
00011100000111010000000000011101
00011100000111100000000000011110
00011100000111110000000000011111
00011000000000010000000000100000
00011000000000100000000000100001
00011000000000110000000000100010
00011000000001000000000000100011
00011000000001010000000000100100
00011000000001100000000000100101
00011000000001110000000000100110
00011000000010000000000000100111
00011000000010010000000000101000
00011000000010100000000000101001
00011000000010110000000000101010
00011000000011000000000000101011
00011000000011010000000000101100
00011000000011100000000000101101
00011000000011110000000000101110
00011000000100000000000000101111
00011000000100010000000000110000
00011000000100100000000000110001
00011000000100110000000000110010
00011000000101000000000000110011
00011000000101010000000000110100
00011000000101100000000000110101
00011000000101110000000000110110
00011000000110000000000000110111
00011000000110010000000000111000
00011000000110100000000000111001
00011000000110110000000000111010
00011000000111000000000000111011
00011000000111010000000000111100
00011000000111100000000000111101
00011000000111110000000000111110
00011000000110100000000001000000
01000111010000000000000000000000
00000100000111000000000000000001
00011100000111000000000000000000
01001000000111000000000000000000
00011100000111000000000001000000
00011100000000010000000000100000
00011100000000100000000000100001
00011100000000110000000000100010
00011100000001000000000000100011
00011100000001010000000000100100
00011100000001100000000000100101
00011100000001110000000000100110
00011100000010000000000000100111
00011100000010010000000000101000
00011100000010100000000000101001
00011100000010110000000000101010
00011100000011000000000000101011
00011100000011010000000000101100
00011100000011100000000000101101
00011100000011110000000000101110
00011100000100000000000000101111
00011100000100010000000000110000
00011100000100100000000000110001
00011100000100110000000000110010
00011100000101000000000000110011
00011100000101010000000000110100
00011100000101100000000000110101
00011100000101110000000000110110
00011100000110000000000000110111
00011100000110010000000000111000
00011100000110100000000000111001
00011100000110110000000000111010
00011100000111000000000000111011
00011100000111010000000000111100
00011100000111100000000000111101
00011100000111110000000000111110
00011000000000010000000000000001
00011000000000100000000000000010
00011000000000110000000000000011
00011000000001000000000000000100
00011000000001010000000000000101
00011000000001100000000000000110
00011000000001110000000000000111
00011000000010000000000000001000
00011000000010010000000000001001
00011000000010100000000000001010
00011000000010110000000000001011
00011000000011000000000000001100
00011000000011010000000000001101
00011000000011100000000000001110
00011000000011110000000000001111
00011000000100000000000000010000
00011000000100010000000000010001
00011000000100100000000000010010
00011000000100110000000000010011
00011000000101000000000000010100
00011000000101010000000000010101
00011000000101100000000000010110
00011000000101110000000000010111
00011000000110000000000000011000
00011000000110010000000000011001
00011000000110100000000000011010
00011000000110110000000000011011
00011000000111000000000000011100
00011000000111010000000000011101
00011000000111100000000000011110
00011000000111110000000000011111
00011000000110100000000000111111
01000011010000000000000000000000
01001100000000000000000000000000 //halt do so essa linha eh a 144
00000000000000000000000000000000 //nop
00000000000000000000000000000000 //nop
00100000000000000000000000000001 //inicio do programa 1 (linha 147)
00000100000111010000000000010100
00000111101111100000000000000000
00000111110111100000000000000001
00000111110111100000000000000001
00011011101000010000000000000000
00000100000000100000000000000000
00000100010000010000000000000000
00011111101000010000000000000000
00011011101000010000000000000001
00000100000000100000000000000000
00000100010000010000000000000000
00011111101000010000000000000001
00011011101000010000000000000000
00000100000000100000000000000101
00000000001000100001100000001001
00001000011000000000000000100000
00011011101000010000000000000001
00011011101000100000000000000001
00000100000001000000000000000011
00000000010001000010100000000000
00000100101000010000000000000000
00011111101000010000000000000001
00011011101000010000000000000000
00011011101000100000000000000000
00000100000001000000000000000001
00000000010001000010100000000000
00000100101000010000000000000000
00011111101000010000000000000000
00011011101000010000000000000001
00110000001111111111111111111111
00100000000000000000000000001101
00011011101001000000000000000001
00110000100111111111111111111111
01001100000000000000000000000000 //ultima linha do programa 1 (linha 181)
00000000000000000000000000000000 //nop
00000000000000000000000000000000 //nop
00100000000000000000000000000001 //inicio do programa 2 (linha 184)
00000100000111010000000000010100
00000111101111100000000000000000
00000111110111100000000000000001
00000111110111100000000000000001
00011011101000010000000000000000
00000100000000100000000000000000
00000100010000010000000000000000
00011111101000010000000000000000
00011011101000010000000000000001
00000100000000100000000000000001
00000100010000010000000000000000
00011111101000010000000000000001
00011011101000010000000000000000
00000100000000100000000000000100
00000000001000100001100000001001
00001000011000000000000000100000
00011011101000010000000000000001
00011011101000100000000000000001
00000100000001000000000000000101
00000000010001000010100000000101
00000100101000010000000000000000
00011111101000010000000000000001
00011011101000010000000000000000
00011011101000100000000000000000
00000100000001000000000000000001
00000000010001000010100000000000
00000100101000010000000000000000
00011111101000010000000000000000
00011011101000010000000000000001
00110000001111111111111111111111
00100000000000000000000000001101
00011011101001000000000000000001
00110000100111111111111111111111
01001100000000000000000000000000 //ultima linha do programa 2 (linha 218)